Test of <function gauss_seidel at 0x7fa19828bd90>
test 0
[[110  -9   8  -8  -5  -8  -4   6   3   7  -5   1  -5  -2  -8   9   9   0
    2   2]
 [  6  99  -7   9  -1  -3   7   7  -1  -2   2   8  -4  -7   8   7  -1   7
   -1  -4]
 [ -3   5  97  -4   6  -1   1   9  -7   5  -1   6   5  -8  -3  -7  -1  -7
   -6  -6]
 [ -2   8  -6  92   5  -3   8  -6  -1   5   2   8   5   8  -3   2  -2  -4
   -1 -10]
 [ -9   0 -10  -2 118 -10  -8  -6   4  -8  -9  -3  -9  -2  -6   5   5   4
    1   9]
 [  2  -1   3  -9   6 106   6   5   4   8 -10   8   2   5  -4  -1  -6 -10
   -7  -6]
 [ -9   4  -7   4  -5  -1 111  -8  -7  -9  -8  -8  -5 -10  -3   9   7   4
   -1   0]
 [ -4   7   2  -4  -1  -4   4  82   5   9  -3  -2   2  -6  -7   6  -1   2
   -9  -2]
 [  6   6  -6  -3  -6   0  -1  -8 110   4 -10   4   5   6   6  -8   9   7
    9  -4]
 [  1   1   3   7  -9   9  -1   3   0  78   2   8  -2   2  -6   3  -1   2
   -7  -4]
 [  6  -4   3   4   7  -6  -5  -2  -8  -2  92   0   5   7   7   5  -1  -9
    0  -2]
 [ -3  -8   9 -10   4   9  -5  -6  -9 -10  -4 142  -5  -8  -7  -7 -10  -8
    6  -8]
 [  5  -3 -10  -7  -1  -4   8   0  -6   2   1  -5  92   0   6  -9  -1 -10
    2  -3]
 [ -5   2  -6  -2   3   6  -6  -8  -8  -6   0   6  -1 102  -9  -6  -3 -10
  -10  -5]
 [ -9  -2   0   8  -4  -8   9  -2   4  -7  -2   2  -3   0 103   3   5 -10
    8   7]
 [ -2  -3 -10  -8  -5  -1   3   2   7   6 -10   2   8   6   8 108  -6  -6
   -8  -4]
 [  4   4 -10 -10   2   9   9   6   3   0  -1  -7   9   0  -8  -7 119   7
    9   9]
 [  8   4  -9  -6   9   1  -4   2  -3  -4  -7   6  -3  -7  -9  -2  -6 107
    7   3]
 [ -6  -5   2   5   4   0  -1   3  -8 -10   8   1  -4   3  -1   0  -6   5
   78  -6]
 [  9   4   9   1   5  -9  -9   3  -7  -3   2  -3  -3   4   5   6   3  -3
   -3  94]]
0.6956977661057269
0.0834045714248411
0.01578646877350144
0.002834068234267886
0.00040367210264109494
5.120091280719338e-05
8.04283386080277e-06
7.760069863228369e-07
1.236774251329011e-07
1.5439075497117143e-08
1.5704547142976824e-09
2.688824215363317e-10
test 1
[[ 77   0  -2   7   1   0   1   9   0   6   7  -5   5   5  -4  -1   6   5
    1  -6]
 [-10  95  -2  -1   9   1   9  -7  -7   0   2  -9  -6   0   0  -1  -5  -9
   -6  -5]
 [ -3   2 116  -5   1   9   7  -3 -10  -4 -10   8  -2  -8   0   4   9  -8
    9  -9]
 [ -6   6   9  98  -4  -5  -1  -6  -1  -9  -9  -3   2  -7   4   3   0  -8
    5   7]
 [  5   6   2   2  99   6   1   2  -6   3 -10  -5   4   7   2  -8   3  -7
   -4   9]
 [ -7 -10  -4  -1  -7 104  -8  -4  -7   6   3   4  -5   3  -5  -2   9  -6
    9   1]
 [  7  -1  -1  -5  -3  -9  84  -2   2  -3  -3  -3   9  -5   9   1   3   4
   -4   1]
 [ -4   9   7  -9   8  -5   3 112   6  -8   6  -7   4  -3   4   6   6  -6
   -2   2]
 [  0   1   2   5  -9   7  -4  -8 112   9   8 -10   1   7  -3   6  -9   0
    8   8]
 [  5  -9   9   6   0   9  -5   3 -10  90  -2   2   0  -3   0  -3  -8   1
   -3  -8]
 [ -8  -8   3   2  -6   1   8  -9   6   5  97   3   1  -6   1  -4   3  -9
    1  -5]
 [  7   5  -1  -6   8   0   2   9  -6   3  -1  88 -10   4   3  -6   3   6
   -1   6]
 [ -7   3   1  -7  -6 -10  -4   6  -1   9   0   0  95  -8   3   5  -7   2
   -6   5]
 [  3  -3  -2   0   2   9  -7 -10  -6 -10  -2  -8  -1  97   4  -5   0   6
    6  -4]
 [  0   3  -7   7   5   9   1  -2   5   5   4  -8   3  -7  90   6  -5  -4
   -2  -2]
 [ -7  -8  -2   8   2   1   8   3  -7   6 -10   2  -8   2   3 112  -9 -10
    9  -3]
 [ -2   8   9  -7   0  -7   2   6  -6 -10  -2  -7  -3  -3 -10   5 109  -6
   -5   5]
 [ -6   3  -7  -6  -6  -3  -1   7  -4  -5   2  -6  -3  -3   5  -3   1  90
    8  -3]
 [  8   7  -2   6  -4   8  -6  -4  -8   0  -3  -2   7   6  -7  -7  -8   1
  107   6]
 [ -4   7  -3   1   6  -3   5   5  -8   2   5   8  -6  -3   6   1   1   5
    0  88]]
0.8283050485486113
0.1714089110382459
0.025711946356656173
0.002974099048957658
0.0003442397148351571
3.7334397559035584e-05
5.221421224384714e-06
5.770254880696404e-07
5.247575389261301e-08
5.987920821291445e-09
7.038907549276191e-10
6.25680781057153e-11
test 2
[[111  -2  -9   9  -4   2   9   3   1   9  -7  -5  -2   5   9   6   7   8
   -5  -4]
 [ -5 112   8   4  -6   1  -3  -6   4   2 -10   4 -10  -8  -8 -10  -5   4
    9   1]
 [ -1   7  76   9  -3   0   3   3   3   1   3  -9  -6  -9  -1  -7   0  -1
    8  -1]
 [ -7   2   8  87  -6  -4   1   0  -8   8  -6  -6   1  -2  -1   3   8   1
    7  -2]
 [ -1  -4   7  -6  81   8  -5  -4   8   0   3   3   6  -4   3  -1   2  -2
   -6  -4]
 [  5  -9   6  -6  -1 110   0  -9   2   2  -7   4   9  -8 -10   8   3  -8
    5  -4]
 [ -9   9   1  -2   2  -8  93  -1   5   7  -9   3  -7   4   1   2   3  -8
    7   3]
 [ -8  -8   7  -2   3  -2 -10 102   3 -10   0   9  -4  -5  -1   0  -9   3
   -4  -6]
 [ -8   0  -3  -2  -8  -5   6  -6 101   5   6  -1  -7   2  -8  -8  -2   6
   -9   8]
 [  9  -4  -4   3  -2   6  -7  -5   8 113  -6  -6  -1  -8   6   8   9   9
    5  -4]
 [  2  -7   0   3   2  -1  -3  -5   3  -8  76  -7  -1  -4   7  -3   0   5
   -4   2]
 [  5   5   2   9   1  -2  -7   6  -6   9   6  98   8  -2  -1  -8   5  -7
   -2  -3]
 [ -1  -4 -10 -10  -1  -5   6  -5   1   7   4   3  98  -3   6   9  -6   0
   -8   5]
 [ -4   9   5   5  -9   2   0   7  -4   7  -6  -1  -5  98   5  -9  -1  -8
    6  -2]
 [  3   3  -4   6  -6  -7   8   2  -5  -8  -8  -2   3   2  99   5   5  -6
    9   0]
 [  9   2   5  -2  -4 -10 -10   0  -2  -7  -4  -7  -6   3   5 113  -5 -10
   -7  -6]
 [  2  -7  -1  -9   6   3   0  -9   1  -9   5  -8  -9  -1   9   4  99  -4
    3   5]
 [ -5   0   8  -1  -7   5   8  -2  -8   6   6  -4  -6  -7  -9  -4   1 105
    8   4]
 [-10  -2   0   2   9   8  -2   6 -10  -9   6   7  -8  -5  -5   8  -5  -1
  113  -5]
 [ -6  -9   1   3   2  -5   0  -5   1   9 -10  -6   2   0   2   7   8   4
    2  88]]
0.886947978246222
0.1286108895844942
0.027477337729466138
0.0036239412952364792
0.0004633845795053008
4.841290103318801e-05
3.3681093888119316e-06
4.153134675645431e-07
4.846173308177895e-08
4.411118930628538e-09
4.712015734195663e-10
6.89792780186882e-11
test 3
[[ 98   8   6  -2  -5  -9   4  -7  -6   0  -3   0   3  -6  -7  -8  -4 -10
   -4   2]
 [-10 104  -1   8   3  -4   5   9   5   3   7   5   2   5   8   2   3  -7
   -8  -2]
 [ -9   3  89  -7  -1 -10   0  -1 -10  -8   1  -3   1  -4   1  -7  -5   1
  -10   5]
 [ -9   6  -9 114   0  -6   0  -5   8   3  -9  -7  -7   3   8  -7  -8   3
   -9   0]
 [  7   0 -10   4  97  -9  -8   1   4   7   0   4   6  -1  -7   1  -1  -7
    8   3]
 [ -4  -9  -5 -10  -6 100  -6  -1   1   0  -9  -1  -8 -10  -1   4  -2  -7
    0 -10]
 [ -5  -5  -5  -6 -10   4 109  -1   7 -10  -8   8   5   2  -1   8   4   7
   -2  -9]
 [ -9   8   0   9   0  -7   4 101   5   9   2 -10  -7   0   3   1 -10   0
    0   9]
 [  0   2   7   4  -8  -6  -8   6 101   1  -3   6   4  -6  -4   0   8   9
    7  -9]
 [  6  -3  -9  -7   8  -4   4  -4   7 101  -1  -3  -8   9   1  -6 -10   4
    1   4]
 [ -1   7   5  -1  -2  -1   8   3   5  -6  66   5  -1   2   4  -3   1  -1
    1  -7]
 [ -8  -5  -6  -7   2   1   0  -5   2  -9   1  88  -3   1   0   9   3   9
    5  -6]
 [  2  -2   0   5  -2  -4   4   7   2  -9   1  -1  81   1  -5   8   6   4
    9  -3]
 [ -1  -3   2   4  -1  -3   0  -9 -10   6   7   3   6  89   5  -2   5   8
   -2   3]
 [ -1  -1  -3  -1   0   4   6  -1   1   7   8  -1   8   5  68   2   1  -7
   -1  -6]
 [  7   8  -4 -10   4  -7   6   0   7  -2  -4  -2   1  -7   2  96 -10   1
   -3  -7]
 [ -3   1   9   9   4  -8  -4  -3  -5   2  -5   4   3   0  -5   8  89   3
    1  -4]
 [ -4   2  -9  -9  -2   6   9   7   9  -8   3   4   3 -10   0  -8  -5 114
   -8   0]
 [ -8   3   7   2   6   2  -9  -2 -10   4   3  -6   1  -3  -1  -8   1   2
   87  -7]
 [  0   2   2   2  -9  -5   4   9  -2   0 -10  -2   5   8   9   5  -6   6
   -4  98]]
1.0071269425264362
0.17439816140890804
0.025050453634274442
0.003978554283916098
0.00047529784969620593
9.41196437954212e-05
9.655780186423619e-06
2.357422420714867e-06
2.485684064070133e-07
5.576133901949616e-08
6.237720469705679e-09
1.3258727882964338e-09
1.5149787696046302e-10
Tests passed
