Test of <function jacobi at 0x7f8c16a50d08>
test 0
1.0849389274847114
0.25444319669155196
0.08263509542393116
0.017931782540687894
0.005043917088371824
0.001633963473736154
0.0004397407303257687
0.0001270232235310708
3.756926284294911e-05
1.0700466737411513e-05
3.068702736084769e-06
9.64239374210557e-07
2.6373717552583e-07
7.899696084345126e-08
2.3194288876690616e-08
6.733083996596223e-09
1.921507531213451e-09
5.929326031897664e-10
test 1
0.7006379174762938
0.1803350913498066
0.047850895421173364
0.01457801696607571
0.003525481449306074
0.0012664110958923692
0.00036884718040228144
9.033131297765865e-05
3.148590240110473e-05
9.00583903034783e-06
2.396558547557837e-06
7.270479642760869e-07
2.185952897650631e-07
7.193970742060802e-08
1.7684042620693232e-08
6.3601371425871765e-09
1.8573556528780986e-09
4.550538587979637e-10
test 2
0.9514067865009271
0.21289909174389077
0.04803774942121616
0.008619079658162037
0.0021342598603140786
0.00048413525104418117
0.00011938989586832339
3.423775097479749e-05
4.941833351639383e-06
1.4893529626359785e-06
3.153317293316934e-07
6.628496572637236e-08
1.4429739901436825e-08
3.8150265862526254e-09
9.734033850771102e-10
2.1149204024357993e-10
test 3
0.7517148739762722
0.18041339720231406
0.04474807100075606
0.013697517783872865
0.003286745838497373
0.0008484716091484885
0.00018191654079824544
4.2399820682477093e-05
1.1991178823968912e-05
3.5428430551938395e-06
7.366835684773088e-07
1.9749041906685916e-07
5.854619861134225e-08
1.0414879998352222e-08
2.582498475484085e-09
7.454062835726694e-10
2.5981537234154306e-10
test 4
0.9046083508561678
0.22458501820389662
0.06662195505712178
0.015895532337443584
0.005396362452698634
0.0015405874791589165
0.000443892568254749
0.00012216217707866433
3.707119092911373e-05
1.0169572470317004e-05
2.6321934491274016e-06
8.644082417751803e-07
1.987640364622175e-07
6.807895107634881e-08
1.6684047728435236e-08
5.251393659765763e-09
1.4080935675266082e-09
3.9508198210365386e-10
test 5
0.6802453583713628
0.16126598197243255
0.04982413070419024
0.010117759518604321
0.00220928934637149
0.0006632454902275025
0.00015167815674596227
3.4930753975556325e-05
1.1133150947853152e-05
3.2124353186828436e-06
7.691979900664725e-07
1.4691245910601614e-07
4.560346505803892e-08
1.4928546225589923e-08
3.841454722028348e-09
7.838243769320297e-10
2.2259104455468748e-10
test 6
0.8512621785703185
0.2017407965890723
0.06125951198134481
0.009281108790648501
0.002127354035114982
0.0005453701953899368
0.00010251362758110366
1.6731761317528848e-05
5.133868243582113e-06
1.0031272665994573e-06
3.0543762872051183e-07
7.156909731173555e-08
1.692213270551579e-08
4.567562158358518e-09
1.0715752521428534e-09
2.57542303455649e-10
test 7
0.9495915502678957
0.21607686152253494
0.04487500532859897
0.00787451086877761
0.0024074866760732776
0.0005651259859675087
0.00016416529774746814
4.153739987013561e-05
1.0559721574039498e-05
3.0337365673404823e-06
9.046320672183653e-07
2.564127495304283e-07
7.145763430364133e-08
2.026758400691664e-08
5.830534168319024e-09
1.66373144167703e-09
4.752359642964943e-10
Tests passed
