Test of <function jacobi at 0x7faf208add08>
test 0
[[ 2. -1.  0.  0.  0.  0.  0.  0.  0.  0.]
 [-1.  2. -1.  0.  0.  0.  0.  0.  0.  0.]
 [ 0. -1.  2. -1.  0.  0.  0.  0.  0.  0.]
 [ 0.  0. -1.  2. -1.  0.  0.  0.  0.  0.]
 [ 0.  0.  0. -1.  2. -1.  0.  0.  0.  0.]
 [ 0.  0.  0.  0. -1.  2. -1.  0.  0.  0.]
 [ 0.  0.  0.  0.  0. -1.  2. -1.  0.  0.]
 [ 0.  0.  0.  0.  0.  0. -1.  2. -1.  0.]
 [ 0.  0.  0.  0.  0.  0.  0. -1.  2. -1.]
 [ 0.  0.  0.  0.  0.  0.  0.  0. -1.  2.]]
22.0
12.25
10.625
10.3125
9.75
9.46875
9.1484375
8.81640625
8.4921875
8.1611328125
7.84716796875
7.532958984375
7.2364501953125
6.94366455078125
6.6671142578125
6.3963470458984375
6.139984130859375
5.890373229980469
5.653446197509766
5.4236345291137695
5.205012321472168
4.993527889251709
4.7919663190841675
4.597370147705078
4.4116272032260895
4.23256653547287
4.061450727283955
3.8966737426817417
3.739062864333391
3.5874182768166065
3.442265042103827
3.3026962322182953
3.169028071803041
3.0405656649381854
2.917481942946324
2.7992363485100213
2.685904486643267
2.5770589282947185
2.4727101328262506
2.3725143075880624
2.276439233155088
2.1842035905081048
2.095748104667905
2.010838689386958
1.9293998188163926
1.8512336123605166
1.7762557090546878
1.7042964088425343
1.635267551856023
1.5690217358954461
1.5054703714263118
1.4444840039125815
1.385975819225136
1.3298310597553868
1.2759660822399077
1.224278367039382
1.1746882773688885
1.1271036455305072
1.081449292691751
1.0376419341131609
0.9956110396377067
0.9552810443034065
0.9165860830401158
0.8794573737097178
0.843833618790141
0.8096520511465499
0.7768557712867423
0.7453873872680497
0.7151941851460801
0.686223606605779
0.6584268877055184
0.6317558387686883
0.6061654007499424
0.5816113483013314
0.5580520816239876
0.535446984303773
0.5137576754837774
0.4929468324035966
0.47297906190159367
0.45382005304177575
0.4354371803774111
0.417798891300567
0.4008751205430876
0.3846368446696715
0.3690563639770037
0.35410697622246445
0.339763165588419
0.3260003616666971
0.31279506348858277
0.3001246596479099
0.287967507146643
0.27630279552514914
0.265110594439232
0.25437174961479947
0.24406790894870767
0.23418144161181154
0.22469544955186116
0.2155937035554274
0.20686064497273193
0.1984813343122802
0.19044144655497952
0.18272722910683825
0.17532549304502254
0.16822357814309008
0.16140934166969423
0.15487112883335108
0.14859776024637128
0.1425785065862435
0.13680307548087356
0.1312615895052076
0.1259445729934967
0.12084293271940005
0.11594794496689076
0.11125123840685269
0.10674478163630852
0.10242086788357163
0.09827210314169577
0.09429139241974305
0.09047192853864416
0.0868071797088863
0.08329087901797294
0.07991701316035815
0.07667981261944945
0.07357374140975281
0.07059348793922204
0.06773395564882279
0.06499025453008933
0.06235769256667467
0.05983176787558264
0.05740816086963818
0.05508272698751426
0.05285148950785867
0.05071063283138599
0.04865649588628784
0.046685565926086525
0.0447944724731979
0.04297998159656835
0.04123899034650158
0.03956852147767442
0.03796571833310125
0.03642783997971755
0.034952256503750334
0.03353644452794491
0.032177982884054046
0.030874548482767494
0.029623912332361613
0.028423935734188888
0.02727256661915689
0.02616783604374362
0.02510785481847755
0.024090810281023778
0.023114963193197724
0.022178644769338618
0.021280253820377126
0.020418254017462445
0.01959117126316201
0.018797591171946237
0.018036156650319768
0.01730556557702556
0.016604568575543155
0.015931966878159898
0.01528661027542455
0.01466739514968296
0.014073262587325885
0.0135031965683865
0.012956222228687864
0.012431404193035789
0.011927844975367918
0.011444683444217674
0.010981093349972326
0.010536281911916134
0.010109488462491711
0.009699983146605362
0.009307065673345605
0.008930064118548131
0.008568333775663461
0.00822125605333035
0.0078882374174718
0.007568708376259892
0.007262122506364932
0.006967955518378588
0.006685704360343436
0.006414886357408278
0.006155038386472356
0.005905716084143364
0.005666493086897262
0.0054369603019193136
0.0052167252075161485
0.00500541118188913
0.004802656859071774
0.004608115510954747
0.004421454454375251
0.004242354482116184
0.00407050931717734
0.0039056250888656052
0.0037474198303328876
0.003595622996398262
0.0034499750008034624
0.0033102267724203216
0.003176139329205796
0.0030474833695937065
0.0029240388803355444
0.0028055947602503295
0.0026919484592795584
0.002582905632010579
0.002478279805414374
0.002377892059945097
0.002281570723532411
0.002189151078036744
0.0021004750775528436
0.002015391078165507
0.0019337535785908244
0.0018554229713618753
0.0017802653041005811
0.0017081520504618197
0.0016389598902843971
0.001572570498757031
0.001508870344073543
0.001447750493229094
0.0013891064257922636
0.0013328378551609177
0.001278848556996337
0.0012270462047503372
0.0011773422117524746
0.0011296515797205586
0.0010838927533853848
0.001039987481020077
0.0009978606806875234
0.0009574403117600383
0.0009186572517929648
0.000881445178254836
0.0008457404551567294
0.0008114820242273169
0.0007786113004701889
0.0007470720719631174
0.0007168104038353107
0.0006877745458897522
0.0006599148442187897
0.0006331836562125659
0.0006075352691432556
0.0005829258219716138
0.0005593132303136628
0.0005366571145319909
0.0005149187306354719
0.0004940609040247068
0.0004740479659552932
0.00045484569248088746
0.00043642124602705223
0.0004187431190949553
0.00040178108051058814
0.00038550612368126735
0.0003698904169624484
0.0003549072560886657
0.00034053101849984557
0.0003267371195505575
0.00031350197041568606
0.00030080293784529033
0.00028861830529258725
0.0002769272359870456
0.00026570973713013757
0.0002549466258017219
0.00024461949610277145
0.00023471068771918624
0.00022520325569530542
0.00021608094147040902
0.00020732814508050978
0.0001989298984383936
0.0001908718397931608
0.00018314018914011854
0.00017572172466273628
0.0001686037601285051
0.0001617741231783043
0.0001552211344915122
0.00014893358790324385
0.0001429007311362085
0.00013711224745094341
0.00013155823802080135
0.00012622920499438806
0.00012111603525966075
0.00011620998482797518
0.00011150266390735908
0.00010698602255665435
0.00010265233690454068
9.849419599028408e-05
9.450448900949482e-05
9.067639316739928e-05
8.70033621236388e-05
8.347911463957303e-05
8.009762393434983e-05
7.685310736071926e-05
7.374001651783146e-05
7.075302772108216e-05
6.788703296578547e-05
6.513713113776021e-05
6.249861963070202e-05
5.9966986409421e-05
5.7537902117488215e-05
5.520721278884366e-05
5.2970932753027e-05
5.082523778909831e-05
4.8766458544236e-05
4.679107432714602e-05
4.489570704002688e-05
4.3077115446266134e-05
4.133218959978535e-05
3.9657945508864145e-05
3.805152006464141e-05
3.651016613126501e-05
3.503124786519152e-05
3.361223618902898e-05
3.225070444656808e-05
3.0944324304726933e-05
2.9690861746090036e-05
2.8488173231977498e-05
2.7334202039597244e-05
2.6226974798149172e-05
2.5164598044469244e-05
2.4145255004270894e-05
2.316720252082405e-05
2.2228768033372148e-05
2.1328346745619342e-05
2.0464398840402964e-05
1.9635446893317976e-05
1.884007333075033e-05
1.807691799271538e-05
1.7344675795172293e-05
1.6642094553986908e-05
1.5967972787578333e-05
1.5321157698977572e-05
1.4700543150780732e-05
1.4105067856817755e-05
1.3533713508095957e-05
1.2985503010654043e-05
1.2459498902828159e-05
1.1954801655278402e-05
1.1470548184178142e-05
1.1005910398154128e-05
1.0560093681277749e-05
1.0132335702905948e-05
9.721904907777912e-06
9.328099443095539e-06
8.950245881322871e-06
8.587698022921586e-06
8.23983592646016e-06
7.906064666940438e-06
7.585813499133565e-06
7.278534749133314e-06
6.983702942164882e-06
6.700813919735538e-06
6.429383866191074e-06
6.1689486479110656e-06
5.919062878945169e-06
5.679299245997527e-06
5.449247709066185e-06
5.228514895705416e-06
5.016723312323279e-06
4.813510772194718e-06
4.618529750644029e-06
4.431446845032383e-06
4.251942122834862e-06
4.079708579851626e-06
3.914451715658629e-06
3.7558889296462894e-06
3.603749030745007e-06
3.4577718768247223e-06
3.317707825800653e-06
3.1833173252948654e-06
3.054370623090108e-06
2.9306471471812756e-06
2.811935340574223e-06
2.698032199432987e-06
2.588742935571986e-06
2.483880669146288e-06
2.3832660485112456e-06
2.286727024625179e-06
2.194098513541576e-06
2.1052221050865683e-06
2.019945821274405e-06
1.9381238125504296e-06
1.85961619081354e-06
1.7842886563812499e-06
1.7120124446989848e-06
1.6426639000144405e-06
1.57612448248301e-06
1.5122803578293542e-06
1.4510223813601897e-06
1.3922457782200581e-06
1.3358500385862726e-06
1.28173873648052e-06
1.229819305947899e-06
1.1800029771080744e-06
1.1322045665451697e-06
1.0863423334228628e-06
1.0423378373758396e-06
1.0001158212702421e-06
9.596041081749718e-07
9.207333881988689e-07
8.834372096089282e-07
8.476518118527565e-07
8.133159568046722e-07
7.803709465292741e-07
7.487604332112596e-07
7.184303800755742e-07
6.893288961862254e-07
6.614062293408551e-07
6.346146292912636e-07
6.089082855709194e-07
5.842432226899064e-07
5.605772575023593e-07
5.378699530211861e-07
5.160824461114544e-07
4.951774723593871e-07
4.7511930389987356e-07
4.5587362684784694e-07
4.3740755018006894e-07
4.1968947250836663e-07
4.026890998432009e-07
3.863773567758244e-07
3.707263598329291e-07
3.5570933398787474e-07
3.4130061976611614e-07
3.2747553824208353e-07
3.1421046742252656e-07
3.0148274277053133e-07
2.892705737167489e-07
2.7755308273924584e-07
2.663102378619442e-07
2.555227993639164e-07
2.451723393193106e-07
2.352411296868695e-07
2.257122169169179e-07
2.165692851718859e-07
2.077966989588731e-07
1.9937947470793915e-07
1.913031955069755e-07
1.8355408748504942e-07
1.76118854611218e-07
1.6898479415772272e-07
1.6213972919842945e-07
1.55571937554555e-07
1.4927016955823547e-07
1.432236889087335e-07
1.37422121682107e-07
1.3185555758354894e-07
1.2651448422218436e-07
1.2138975691300402e-07
1.1647261999314651e-07
1.1175465530754991e-07
1.0722780174887703e-07
1.0288432505944911e-07
9.871678763317959e-08
9.471806450278564e-08
9.08813184707924e-08
8.71999823459646e-08
8.366777848323181e-08
8.027864240034432e-08
7.702679916121724e-08
7.390667278173169e-08
7.091292175687158e-08
6.804045149522153e-08
6.528434681740691e-08
6.263987550880756e-08
6.010251318855353e-08
5.7667937980454553e-08
5.533197544593804e-08
5.309064299297006e-08
5.094010901984802e-08
4.887666449349126e-08
4.6896818872710355e-08
4.499717398687153e-08
4.3174475550245006e-08
4.142560072750712e-08
3.974757056823819e-08
3.813751980885627e-08
3.659267733269189e-08
3.5110423013406944e-08
3.368820244986637e-08
3.23235962440549e-08
3.1014263157658206e-08
2.975795965198813e-08
2.855255765155107e-08
2.7395980595201763e-08
2.628625139777796e-08
2.5221464028390983e-08
2.4199824366633038e-08
2.3219563161092083e-08
2.2279005307268562e-08
2.1376553860363856e-08
2.0510643850002452e-08
1.967982399264656e-08
1.888264655747207e-08
1.8117768618708396e-08
1.738387744865122e-08
1.667970117580353e-08
1.6004056746510287e-08
1.5355782423398523e-08
1.4733762654373095e-08
1.4136933401687202e-08
1.3564303458224458e-08
1.3014851418802209e-08
1.2487658906934485e-08
1.1981816427919512e-08
1.1496478435901736e-08
1.1030770963316172e-08
1.0583960374788148e-08
1.015523132252838e-08
9.743883921942142e-09
9.349182761297925e-09
8.97047058856515e-09
8.607102586211113e-09
8.258460582055704e-09
7.923928180275652e-09
7.602958262964421e-09
7.294985948647081e-09
6.999485435699171e-09
6.7159682259898545e-09
6.443915623322027e-09
6.182883538485839e-09
5.932433211341959e-09
5.692138316248929e-09
5.4615529876400615e-09
5.240334388645351e-09
5.028068628121218e-09
4.824391552915586e-09
4.628960326158449e-09
4.441458756332395e-09
4.261551111994777e-09
4.0889247543418605e-09
3.923297242636181e-09
3.764380807069756e-09
3.6118930069051203e-09
3.4655869285415974e-09
3.3252050002374745e-09
3.19051451924679e-09
3.061277453753064e-09
2.937271759151372e-09
2.8182896016915038e-09
2.704137358477965e-09
2.5945947612626696e-09
2.4895037142869114e-09
2.388654607443641e-09
2.291900003115188e-09
2.1990462784060583e-09
2.1099744174080115e-09
2.0245085607939473e-09
1.942495941875677e-09
1.86382109745864e-09
1.788315273643093e-09
1.7158843235165477e-09
1.6463861385318523e-09
1.5796857155692123e-09
1.515699565857176e-09
1.4542962389896275e-09
1.3953975752656333e-09
1.3388756769927568e-09
1.284638173615349e-09
1.232601576361958e-09
1.1826699619632564e-09
1.1347598416477922e-09
1.0887912793577925e-09
1.044691444462842e-09
1.0023750718346491e-09
9.617782126269958e-10
9.228049435705543e-10
8.854268429558942e-10
8.495693037957608e-10
8.151523900323809e-10
7.821281400310909e-10
7.504521448709056e-10
7.200533502782491e-10
6.908926764026546e-10
The matrix test failed
