Test of <function gauss_seidel at 0x7f64bee16d90>
test 0
[[ 2. -1.  0.  0.  0.  0.  0.  0.  0.  0.]
 [-1.  2. -1.  0.  0.  0.  0.  0.  0.  0.]
 [ 0. -1.  2. -1.  0.  0.  0.  0.  0.  0.]
 [ 0.  0. -1.  2. -1.  0.  0.  0.  0.  0.]
 [ 0.  0.  0. -1.  2. -1.  0.  0.  0.  0.]
 [ 0.  0.  0.  0. -1.  2. -1.  0.  0.  0.]
 [ 0.  0.  0.  0.  0. -1.  2. -1.  0.  0.]
 [ 0.  0.  0.  0.  0.  0. -1.  2. -1.  0.]
 [ 0.  0.  0.  0.  0.  0.  0. -1.  2. -1.]
 [ 0.  0.  0.  0.  0.  0.  0.  0. -1.  2.]]
19.146484375
13.89990234375
10.5994873046875
9.27630615234375
8.464202880859375
7.941308975219727
7.567467212677002
7.201537847518921
6.796492666006088
6.369205586612225
5.939498355612159
5.520018446724862
5.117879447643645
4.736801198683679
4.378476197271084
4.0433713795937365
3.731205308520657
3.4412421841777814
3.1724787904409197
2.9237659231665134
2.693888057142022
2.4816155725054676
2.285738586313526
2.105088312828677
1.9385499308409502
1.7850696739364733
1.6436580158793037
1.5133902480266423
1.3934053485004516
1.2829037664730176
1.1811445518135713
1.087442125149792
1.0011628887285764
0.921721812244092
0.8485790815920988
0.7812368663844018
0.7192362398386034
0.6621542694071911
0.6096012861478215
0.5612183339014123
0.5166747948008326
0.47566618475386857
0.43791211081559833
0.4031543814264813
0.37115526009090716
0.34169585302684324
0.31457462150937787
0.2896060099703335
0.2666191813455778
0.24545685163777398
0.2259742161601781
0.20803796042475975
0.19152534912698171
0.17632338714858253
0.16232804694792158
0.14944355712846868
0.1375817473723957
0.1266614452957222
0.11660792112522067
0.10735237641636663
0.09883147332744024
0.0909869012383302
0.08376497775516167
0.07711628137530169
0.07099531330244613
0.06536018609978811
0.0601723370527798
0.05539626428063782
0.05099928379212826
0.04695130582325269
0.043224628927141184
0.039793750406892814
0.03663519179472674
0.033727338183143996
0.031050290308424655
0.028585728374993957
0.026316786688060034
0.024227938237131763
0.022304888440452197
0.020534477323226996
0.018904589460269072
0.017404071066730475
0.016022653669704123
0.014750883838099194
0.013580058490178848
0.012502165335926074
0.011509828046672554
0.010596255776806895
0.009755196692039725
0.008980895186452509
0.008268052495084
0.0076117904331498565
0.007007618013127104
0.00645140071172734
0.0059393321761158635
0.005467908175972758
0.005033902623116315
0.004634345494368919
0.004266502506949266
0.003927856406878316
0.003616089742815909
0.0033290690069951445
0.0030648300350855084
0.002821564564803536
0.0025976078615423948
0.002391427325976414
0.0022016120062413602
0.002026862942190677
0.0018659842764436885
0.0017178750706032808
0.001581521771366834
0.0014559912743856707
0.0013404245388550784
0.0012340307088418712
0.001136081701142766
0.0010459072228972133
0.0009628901845892823
0.0008864624770519303
0.0008161010838010352
0.0007513245018406778
0.0006916894466604262
0.000636787818643958
0.0005862439103698769
0.0005397118355461306
0.0004968731619447997
0.00045743473239978627
0.0004211266585321116
0.00038770047388814177
0.00035692743361814827
0.00032859694906495207
0.0003025151466671261
0.0002785035412611325
0.0002563978146346013
0.0002360466910102943
0.0002173109018674957
0.00020006223289747993
0.00018418264654007643
0.00016956347432373065
0.00015610467306648168
0.00014371414040703634
0.00013230708434841532
0.00012180544322792919
0.0001121373513430779
0.00010323664715961023
9.504242065627722e-05
8.749859639500812e-05
8.05535498644705e-05
7.415975413183062e-05
6.827345465154622e-05
6.285436978137326e-05
5.786541521302091e-05
5.327245008590609e-05
4.904404346839364e-05
4.515125915283136e-05
4.1567457719215994e-05
3.826811417995124e-05
3.523065021693306e-05
3.243427957699829e-05
2.9859865942061248e-05
2.7489791822654652e-05
2.530783815779536e-05
2.3299073209415155e-05
2.1449750420732272e-05
1.9747214378140754e-05
1.8179814116114912e-05
1.6736823482688123e-05
1.5408367685765256e-05
1.4185355725615523e-05
1.3059418156657898e-05
1.2022849923187806e-05
1.1068557437932114e-05
1.019001024293864e-05
9.381196176327933e-06
8.63658030647585e-06
7.951066995470768e-06
7.319965101171277e-06
6.738955810048353e-06
6.2040630821602605e-06
5.711626532400871e-06
5.258276276620677e-06
4.840909888281786e-06
4.456671209629448e-06
4.102930804883442e-06
3.777267920668237e-06
3.4774539541260197e-06
3.2014371824651278e-06
2.947328763269752e-06
2.7133897528841544e-06
2.4980192354639996e-06
2.299743366851459e-06
2.1172052953044584e-06
1.949155873370856e-06
1.7944450594331585e-06
1.6520141592479831e-06
1.5208884631690012e-06
1.4001706114541435e-06
1.2890345533200787e-06
1.1867197016179887e-06
1.092525935053601e-06
1.005808616616477e-06
9.259743278811072e-07
8.524767542983369e-07
7.848129115473057e-07
7.225197742322109e-07
6.651710415805923e-07
6.123742655184117e-07
5.637681492753899e-07
5.190200507154685e-07
4.778237538971553e-07
4.398973270092199e-07
4.0498125053467504e-07
3.728365842725623e-07
3.432433306471694e-07
3.1599901206824654e-07
2.9091713882323234e-07
2.6782609929831835e-07
2.465678843321939e-07
2.2699699453454514e-07
2.0897951458209718e-07
1.9239211934696243e-07
1.771213440360242e-07
1.630626418336334e-07
1.5011983767188042e-07
1.3820435063038872e-07
1.272346135117175e-07
1.1713559233683668e-07
1.0783815951320719e-07
9.927869171200143e-08
9.13986184514215e-08
8.41440277454808e-08
7.746524621765616e-08
7.13165677623806e-08
6.56559542289159e-08
6.044461975385218e-08
5.564693461579395e-08
5.123006885376924e-08
4.7163764893554116e-08
4.3420219864032106e-08
3.997381492482077e-08
3.6800971603412336e-08
3.387996594383935e-08
3.119079061697505e-08
2.871507387425254e-08
2.6435868161200915e-08
2.433757462227959e-08
2.2405821198390186e-08
2.062739246078138e-08
1.8990142347519168e-08
1.748283029456843e-08
1.6095159427464978e-08
1.4817630678010119e-08
1.364151236415978e-08
1.2558742490398345e-08
1.1561905211010526e-08
1.0644201964282729e-08
9.799326683435083e-09
9.021533520225944e-09
8.305469201275173e-09
7.646237865088779e-09
7.039333560499017e-09
6.480590286628285e-09
5.966208416197105e-09
5.492645893667714e-09
5.0566881792946106e-09
4.655307472845038e-09
4.285811039395071e-09
3.945626714241257e-09
3.632454337321178e-09
3.3441336366735186e-09
3.0787006277677165e-09
2.8343323243973373e-09
2.6093631699808384e-09
2.4022543954060893e-09
2.211584249067755e-09
2.036028012852853e-09
1.8744372720647107e-09
1.7256551743116688e-09
1.5886734150427628e-09
1.4625813893331951e-09
1.3464942494323395e-09
1.2396133008962806e-09
1.1412146783129629e-09
1.0506360226258948e-09
9.672476153355092e-10
8.904776915841239e-10
8.197966749889929e-10
7.547173996869105e-10
6.948162045716799e-10
6.39675423741437e-10
The matrix test failed
