0 3 4 quadratic 18
0 3 20 quadratic 18
0 3 100 quadratic 18
0 3 2000 quadratic 18
0 3 10000 quadratic 18
0 3 14000 quadratic 18
0 3 100000 quadratic 18
0 3 1000000 quadratic 18
0 3 7000000 quadratic 18
0 3 10000000 quadratic 18
0 60 5 quadratic 144000
0 60 20 quadratic 144000
0 60 100 quadratic 144000
0 60 2000 quadratic 144000
0 60 10000 quadratic 144000
0 60 14000 quadratic 144000
0 60 100000 quadratic 144000
0 60 1000000 quadratic 144000
0 60 7000000 quadratic 144000
0 60 10000000 quadratic 144000
0 120 5 quadratic 1152000
0 120 20 quadratic 1152000
0 120 100 quadratic 1152000
0 120 2000 quadratic 1152000
0 120 10000 quadratic 1152000
0 120 14000 quadratic 1152000
0 120 100000 quadratic 1152000
0 120 1000000 quadratic 1152000
0 120 7000000 quadratic 1152000
0 120 10000000 quadratic 1152000